25.5915 29.951 34.1883 25.658 26.8874 23.5727 34.0696 32.1339 24.2264 32.835 28.7364 22.7642 27.0752 31.6947 23.0682 28.1773 30.347 21.6923 23.5198 25.8688 20.7379 26.4841 25.9445 26.3557 26.6097 27.9231 22.3435 18.341 25.2887 17.0434 23.8978 21.4495 21.0116 26.4526 19.4423 19.7804 23.1524 16.6602 23.1757 24.8439 21.3702 24.3354 22.4654 17.0598 12.2025 11.8315 15.6387 14.3779 17.3185 18.4986 10.7862 17.2087 15.5848 17.0231 19.0416 18.0558 17.958 15.1527 9.62487 17.5622 
32.7024 35.2191 30.1425 24.2753 28.1559 26.2811 26.8872 29.7385 28.5879 32.1145 28.9522 31.6537 23.86 24.5025 26.1398 26.2832 25.8974 31.7192 24.259 31.1534 27.6731 28.4345 27.9522 23.7635 20.1253 24.8483 27.4951 24.8084 20.7537 24.5176 18.5226 22.4553 25.5328 19.7155 17.4518 17.8218 18.3754 18.6841 17.3308 20.561 21.9886 20.9224 15.342 21.9966 23.5325 19.1055 20.5897 15.386 23.6402 15.9688 16.9737 18.5537 18.1522 14.4306 18.4038 12.0342 16.7271 17.4144 10.6611 12.7071 
30.3433 33.0853 28.1304 31.2943 28.7193 30.3064 26.441 29.9858 25.7568 26.601 27.6986 27.2333 29.376 31.3729 30.5352 24.8205 23.1368 24.9236 30.3621 29.0235 28.7367 19.1353 19.3182 22.1839 24.3262 21.2555 24.2222 24.8388 24.3507 18.481 21.9615 20.1521 18.9719 22.8251 22.9884 23.7988 18.6096 17.205 17.9684 22.9199 21.9871 22.7311 18.0795 19.1683 20.8626 19.8332 16.3725 19.7898 16.2527 15.4088 16.4616 19.2366 14.9375 12.6949 16.1155 19.8126 17.1546 19.612 19.8272 13.522 
35.8083 31.0808 24.7077 33.2497 27.5799 32.1966 33.5506 25.853 30.3115 29.2194 30.36 25.5892 31.2374 30.4145 26.2812 29.5807 25.5277 24.4731 30.356 19.1684 25.7127 25.9389 29.0673 22.7842 24.9736 18.3744 19.9579 16.5939 25.9822 25.7796 21.4923 16.749 24.3571 19.3314 23.4348 25.1986 22.3185 22.3168 16.4964 14.4429 21.7804 24.062 17.4021 22.3031 12.2972 17.6043 11.5379 12.6297 11.3922 12.5637 18.1073 18.2509 16.2639 13.0736 19.4776 17.5233 8.62927 16.7864 7.77301 12.6472 
27.7578 33.8585 29.8791 25.174 32.2736 32.3538 25.1131 26.7547 22.7785 27.211 24.2513 24.4931 28.6476 26.5064 21.3078 23.732 29.5826 25.7328 27.46 28.0561 17.7958 21.3032 20.0078 19.4361 22.9873 27.3676 25.7905 16.3252 23.785 24.1219 25.072 20.5722 24.2868 24.4966 17.7039 18.9709 14.8075 18.94 21.8191 18.7764 23.2728 21.2833 21.9683 18.2793 12.4645 11.5044 9.97505 12.097 10.0542 10.4058 15.0961 16.5089 10.0287 9.82647 14.0621 9.92844 8.38661 17.4754 14.6836 14.5034 
29.3563 26.7933 25.5746 34.6341 25.8835 32.0768 22.9042 24.8517 22.3445 30.1753 29.722 29.2022 21.9685 23.865 30.3951 26.2446 23.3496 28.0351 26.4431 23.2727 23.2027 26.8402 16.1719 22.6454 16.5949 22.6252 23.8802 19.9133 22.1216 22.0799 16.5545 14.5666 21.0823 15.6462 21.3005 20.2431 18.612 12.2266 16.7062 19.1157 19.5694 16.7574 19.6704 15.7692 18.8316 12.6974 13.1019 14.9506 15.3974 17.4867 15.6856 6.29821 5.54926 8.29992 11.3197 9.07585 12.6079 14.7806 3.32389 7.31245 
31.9397 35.034 35.2023 30.2105 31.8701 23.5388 28.7568 26.2606 33.21 26.2392 25.6048 28.5908 23.2601 28.5012 29.2993 21.2353 23.7193 25.7755 22.2607 24.2706 18.194 25.9774 26.3191 21.9897 18.7708 19.7411 18.9782 23.0857 25.3457 19.6988 15.6268 20.0828 22.489 23.2607 20.2555 18.3583 20.2349 12.082 22.5465 22.3164 18.8408 11.1547 20.6449 16.7026 12.2091 19.8815 18.8601 11.1097 18.311 18.5734 15.7037 17.2018 10.6456 7.11417 15.7355 14.6777 15.8328 14.5117 8.43656 16.156 
32.3704 28.0604 30.5322 24.6215 25.6656 31.3995 33.4776 30.815 30.8628 28.6658 29.2909 28.0413 28.0832 27.022 27.5586 20.6586 19.2049 18.0901 19.5322 22.2534 19.5037 22.5818 26.2295 27.1454 24.3109 17.3529 17.9614 18.6732 21.7597 25.0141 20.0145 20.6535 20.4057 14.5211 15.3026 11.8945 18.401 13.2104 18.8869 10.98 15.3695 18.5258 19.4039 18.8454 17.7262 13.6505 17.91 18.0602 18.2601 12.2073 15.61 17.1671 9.0222 15.0887 12.512 14.1029 8.33542 9.14153 12.8766 11.4405 
33.5562 25.8012 28.2825 24.6181 32.5647 30.126 33.7498 33.9503 25.2542 25.3717 26.097 23.5981 24.3725 30.2224 25.1639 25.2359 28.3239 27.8976 19.6524 23.0349 23.1902 21.7529 24.437 23.8935 20.2206 20.5878 23.8678 24.4727 17.8513 21.7174 18.0357 18.3001 24.013 17.7622 21.9639 23.7692 15.7532 23.0135 18.0986 23.604 20.0629 24.9884 12.893 13.2114 12.4428 13.4769 17.3588 12.3925 21.6531 16.7526 18.1517 21.2349 16.8587 20.4865 11.7533 15.3275 13.7422 11.9032 11.8889 9.24712 
28.8965 34.7054 34.8814 23.6623 34.3288 31.024 26.6568 22.7226 23.7058 21.4891 23.9464 22.2004 30.5163 31.8234 22.2571 28.1295 28.9104 24.4463 28.4826 18.497 22.7429 23.9193 22.9993 28.3719 20.331 19.7069 24.2581 23.8154 17.1252 25.6739 20.0975 19.206 18.2687 19.9317 17.336 20.2016 18.687 24.1268 22.0187 18.3339 20.8036 21.7115 21.3717 16.5595 19.5646 22.425 20.4981 10.9267 10.8012 20.6594 12.3483 15.9844 12.7761 10.5385 18.2235 10.9641 12.5492 9.95019 17.1802 14.6811 
33.7603 28.0251 27.9612 23.7675 28.7756 29.6775 26.8554 28.2685 22.4859 31.5602 22.9522 26.7977 30.9502 29.1207 25.3802 23.6087 24.7045 22.4857 27.8181 25.4036 26.4462 25.7293 24.3133 19.4466 27.7824 29.3475 21.081 23.9031 26.2349 23.1091 23.6027 19.748 20.4339 24.0073 20.4589 24.8405 24.0458 23.9507 15.411 23.25 20.5921 18.5151 20.8686 22.4542 15.9654 19.3589 16.1285 23.699 14.5413 19.0952 24.1797 21.7127 15.5258 15.7883 21.6701 11.5866 11.8634 17.7309 16.3222 10.7228 
29.9618 32.7794 33.145 32.6069 23.0114 29.1034 30.6008 26.7963 23.8893 27.4259 31.7226 23.5008 29.7056 31.0183 24.8427 21.1593 28.4852 23.4946 29.5371 19.7109 18.8901 19.4522 24.4172 22.1294 25.1661 21.1299 24.5104 20.3758 26.4748 27.359 25.8331 18.7923 26.6018 18.4685 22.0906 21.604 14.7332 15.2964 15.6653 13.4913 19.2293 15.6345 23.27 16.3324 17.1214 14.553 22.4943 10.4046 21.5856 20.2382 20.1158 19.7561 13.8603 19.0854 19.9365 17.6596 17.7954 18.2822 10.8602 12.03 
29.1844 35.6161 32.843 24.9336 24.8519 28.6605 33.0868 28.4317 31.9263 22.1199 24.8155 30.0217 22.1718 27.312 31.8054 31.8728 27.2996 20.9543 22.6605 28.7867 30.1492 26.4496 29.461 20.7717 24.7316 25.5066 29.3413 26.8638 24.4036 25.3692 21.0681 19.346 20.0546 23.3193 24.7425 16.3943 16.5274 25.2545 15.5315 23.6766 16.7998 16.4438 24.9447 14.8019 21.979 17.191 23.4739 14.1644 24.9277 13.2132 22.6686 14.8305 17.4526 13.7982 22.4989 11.6059 12.9306 15.5053 13.4557 14.2946 
26.4975 31.3143 28.5503 31.1094 34.2562 32.8993 32.8097 30.7952 25.1867 21.5465 28.8747 29.5075 29.9048 25.3447 23.9074 26.2808 19.8222 25.9742 30.1459 22.3175 28.001 24.8205 24.497 17.3583 17.1494 25.3483 26.9839 22.5292 23.087 19.3554 23.1594 23.8546 25.043 22.6021 15.1497 17.1482 22.9859 18.8073 22.7072 12.3726 14.0111 13.9414 18.1042 19.8838 11.0562 11.6662 13.3459 12.9071 12.5667 15.593 18.8025 11.0336 18.2495 13.609 7.50362 14.3552 11.5728 13.8364 13.3278 5.21633 
34.786 27.013 34.668 32.1062 33.3359 28.2087 25.1472 24.6253 32.8825 30.3093 24.1657 21.3097 28.7224 23.5511 30.3505 28.0259 28.1055 25.9565 20.7353 26.3919 29.1434 27.7809 28.671 18.311 27.0955 22.2856 22.9348 17.1293 24.3503 25.439 24.6046 23.4019 26.4171 17.2402 25.8871 17.2257 24.3138 20.1281 15.0993 17.1557 17.871 18.5422 20.95 21.0682 20.1629 19.3296 11.0344 11.3509 13.3603 17.2288 14.9414 20.2825 12.8106 8.69403 18.0926 16.8164 17.1094 10.8251 8.75208 7.73077 
30.1675 31.1435 24.0182 23.2907 33.7987 25.2824 24.7392 30.3701 26.1213 29.6477 27.1461 27.4274 27.681 19.5306 24.6628 29.6143 24.8025 18.8304 27.0575 21.9436 25.5092 24.0473 25.234 24.3079 22.3964 14.8849 21.0967 21.4341 23.7799 24.7581 22.0946 22.8741 19.6249 21.8965 14.353 18.7625 19.5086 19.571 18.5593 12.2162 17.0939 9.70286 13.8799 14.4369 18.361 18.0462 14.5737 14.9211 12.1445 7.57473 12.3841 5.37753 8.19001 12.4894 9.20269 9.58674 9.24039 12.8854 9.51936 5.26947 
27.2785 27.2675 25.767 30.55 26.3835 33.4888 23.1674 22.752 27.1656 22.7127 25.1088 26.7477 29.5044 26.1869 19.6636 19.3808 20.9675 20.063 27.1739 27.0611 27.0354 28.917 25.832 25.6267 21.9361 21.726 18.5811 17.9102 16.3326 23.3351 19.0988 17.129 18.4058 16.1166 17.4014 19.207 16.111 18.7729 15.7 17.0488 14.078 13.2367 14.5454 19.5359 20.2398 10.3568 15.8273 19.9706 15.6576 9.56392 18.9331 9.10485 19.2225 10.8289 16.4595 13.5713 15.978 14.6104 13.9215 14.1991 
27.6781 25.0403 28.9147 28.8206 32.2104 31.8247 30.3759 22.3033 23.9869 25.0789 31.1519 21.7121 21.3437 31.1664 26.9202 26.2962 25.5756 31.0254 30.1459 30.5336 23.8053 25.2664 26.7113 23.3872 22.8051 18.4454 18.5848 18.23 26.9051 26.6726 20.5436 16.0473 23.5418 26.2103 17.3434 15.1044 21.9434 19.4143 14.0723 17.8167 15.9758 15.3415 17.6208 15.6447 12.9077 17.1468 21.8427 11.0515 11.1602 18.1556 14.8296 21.2489 20.6554 14.5019 8.67804 14.4657 8.83946 12.1524 13.9088 12.2599 
29.5065 24.4107 25.1463 24.2563 29.3582 23.4112 23.0838 24.4841 24.5636 30.6761 31.6794 23.6342 23.9446 30.4853 23.7399 31.5416 26.7205 29.2515 21.9583 28.8038 23.2795 24.6302 24.634 28.6846 27.5595 24.1915 23.3514 19.5615 22.5894 23.7881 21.25 25.9369 19.6161 18.1936 14.6512 14.6432 16.1023 14.2972 15.1364 16.6322 16.9203 23.1756 14.675 22.5097 12.3265 13.3607 19.0299 22.2084 16.8761 18.2081 15.9421 11.6877 14.7295 18.7073 15.351 12.1593 11.7764 11.2275 16.1216 8.96022 
35.162 30.7832 33.8476 26.7779 32.632 30.9281 33.9576 30.0052 32.7916 23.6 32.5142 31.9689 23.3024 22.7402 26.8313 25.5989 28.6478 23.2952 25.4243 23.3326 23.9057 20.7421 21.0208 19.2621 19.7325 22.3661 24.4152 21.4322 21.1185 28.1015 21.1691 26.818 25.7449 24.9337 19.9912 22.0851 17.1933 20.8085 18.6962 15.0188 22.5729 17.6466 20.48 23.2969 21.3594 21.6109 22.6783 13.4625 15.6654 14.2876 14.4733 17.5972 12.6412 19.0286 14.0204 11.4197 12.6292 17.6542 12.9923 21.9833 
31.2754 24.3056 34.0683 25.4472 27.4222 26.7591 31.4696 25.6416 28.7843 30.4762 27.3744 32.8406 21.512 23.3321 20.6309 24.702 23.6842 19.7228 20.8668 24.4763 19.7264 18.1501 26.8217 23.118 21.1069 25.2041 22.0957 17.6109 19.0399 18.4565 21.7781 16.9827 22.1023 15.6151 16.914 17.8799 16.6925 14.1514 18.737 17.7732 19.1724 16.8796 13.5219 19.5345 21.519 16.0061 17.958 11.2215 11.3615 18.7534 9.79589 19.2119 12.6303 11.1513 19.9305 13.9545 14.8293 15.2943 16.2775 19.1798 
24.6279 31.9323 35.2972 30.2747 28.1412 32.0077 34.063 29.0116 22.9473 26.1234 33.0092 25.0269 29.8338 28.2827 31.7783 20.7823 31.2216 19.5239 19.5753 29.0929 29.3279 21.6134 20.3201 29.4161 22.3798 19.5023 25.9562 19.0158 21.0814 27.7329 27.3649 24.0104 16.9793 24.4107 21.4215 25.5542 24.9237 23.8625 23.153 15.1154 15.0034 23.6301 21.7044 13.7736 12.589 12.6837 17.3606 16.8025 13.3929 17.1719 18.1697 11.3218 16.2488 9.59883 13.0867 16.2518 13.0504 18.7331 16.7769 15.5938 
30.585 27.6158 28.1859 32.484 23.2883 23.5485 33.9241 26.1884 26.0472 29.0487 22.9901 25.1679 28.751 29.8951 21.2976 19.9875 29.2758 21.4671 21.5377 29.8969 20.0068 26.6136 21.328 25.9993 21.2965 20.8538 26.5022 19.1425 17.8325 16.4739 22.9331 25.6265 20.9094 21.6187 22.5508 14.8835 16.3136 17.6413 18.4802 21.507 20.812 19.7712 15.1227 20.405 18.9917 15.4031 16.2438 12.1789 15.4715 13.531 16.5611 13.7645 10.3319 11.6633 12.2492 16.3824 12.453 17.4767 15.7032 14.9594 
26.1247 33.7424 24.7431 32.7798 25.6603 23.2999 23.6176 27.8573 24.6248 30.7659 24.3433 31.5233 26.4712 31.2621 30.7969 21.8115 25.8202 32.142 29.2186 21.1113 30.2247 21.2364 30.6707 30.4615 24.1417 28.305 26.5608 20.0861 28.9113 18.8051 26.0699 23.1771 21.4645 18.9396 25.4494 24.946 21.9889 22.6317 17.8575 18.8495 17.0051 19.2302 26.0642 18.2775 16.057 17.4775 14.0026 22.5751 16.7658 19.487 20.4841 14.4901 20.0132 12.7963 22.1036 11.978 14.408 18.4699 13.0396 22.8257 
24.1722 26.8842 34.8419 29.2775 23.6256 25.6234 25.4016 33.5066 24.6251 27.7983 23.9274 24.0766 33.2535 30.7935 21.4412 24.2373 20.8971 27.1303 25.5326 25.6788 23.2549 27.8165 27.9102 21.2019 19.7683 22.4513 29.3202 21.7103 28.5421 26.8809 18.4264 18.7985 27.5608 26.2388 23.8501 16.6442 16.9417 24.3398 15.6341 22.2798 25.5576 19.2969 15.992 21.6935 15.7784 20.0558 15.1054 23.3554 19.1207 19.9936 15.742 16.128 23.3637 18.1996 19.0409 19.4196 16.1165 16.6219 22.5466 12.3747 
25.3855 33.7287 34.7253 26.62 27.9633 27.3849 22.7025 32.2296 28.43 28.1527 32.5079 31.2571 28.7405 27.7997 29.7606 21.3039 21.8092 24.2523 24.495 27.009 28.2028 27.3317 19.3571 22.3173 17.9815 23.9951 19.1213 17.7574 23.3979 20.7829 25.1818 24.3082 20.1711 22.4566 16.9156 20.5779 15.4169 16.3948 24.0616 19.9421 16.2089 14.263 15.2475 15.3951 16.0238 15.9643 19.6772 19.0959 22.0127 19.5817 14.5779 10.4621 19.6844 14.5162 19.4824 9.79587 18.272 9.33937 14.1822 19.0916 
33.9476 28.6465 28.6307 24.1025 28.6238 27.0976 29.6932 22.4303 23.5246 32.1073 25.8565 26.0993 21.8227 30.7098 24.249 30.8167 27.2363 21.1805 19.8013 28.3645 20.3812 19.303 26.0885 17.8592 22.7642 18.3083 28.5453 21.2634 27.681 23.2024 27.3876 22.306 16.4992 21.4736 18.7011 18.7056 20.0893 22.9158 20.8645 22.6173 22.719 18.5386 18.8342 18.7083 17.1377 15.3623 17.6883 15.6039 20.2019 21.1325 17.7934 19.6144 20.8373 15.4242 18.7589 18.355 18.6462 9.79881 8.94064 19.7619 
34.0222 32.2001 30.3122 27.1612 26.4701 27.4903 28.9346 34.2685 31.178 23.5314 22.8958 32.8765 25.4165 23.8834 20.9112 28.906 21.584 27.222 21.6238 24.3622 25.8671 20.4947 29.6256 18.9187 28.9802 20.233 23.2726 23.7426 20.3422 19.5043 25.0846 20.2572 23.0466 16.8605 22.4176 19.1377 20.654 20.8718 21.5548 19.8727 25.8679 26.1012 18.9999 14.1556 17.7151 22.5731 16.6961 13.9299 21.3584 22.5597 21.3817 18.7282 21.0722 22.3388 22.4402 11.4273 16.6004 15.1179 20.822 17.3838 
28.0945 29.2517 29.2025 23.7788 33.3754 25.3099 24.0606 32.7906 27.9607 28.6136 28.4668 24.9699 21.4395 21.961 29.2361 23.6599 22.4952 25.9383 23.2558 24.7159 29.8685 19.2291 23.4089 28.3671 28.5159 23.8428 27.0123 27.1104 21.4223 23.2155 28.368 17.6919 25.2431 24.9222 18.648 27.0239 24.134 20.1883 18.6108 15.5424 14.5142 19.5753 15.1691 20.8684 14.7848 13.291 15.7768 20.2232 16.3171 23.4673 19.4515 18.8633 14.4655 12.6258 22.1343 11.4373 11.6819 20.2316 11.6398 10.6781 
35.8373 32.7946 30.5131 31.7084 34.4542 29.156 32.7133 23.5964 22.4118 28.8727 22.3509 24.9384 29.4798 24.7559 21.3034 23.3176 23.5108 26.6263 25.3323 21.9594 29.3138 19.0526 30.092 23.3793 28.7962 21.7695 25.8534 22.6446 24.7966 20.0162 21.4891 21.1572 19.3002 19.3594 19.882 17.7018 23.7338 16.3124 17.3248 23.7821 20.494 18.9899 21.2792 23.881 17.4742 17.3956 14.6654 23.933 18.4765 13.5242 17.4733 12.3863 15.1768 10.8764 17.4471 13.2322 16.0543 13.3942 16.8876 19.2893 
32.8419 30.5906 24.2451 27.1099 27.1874 22.5099 31.6122 24.0758 30.9183 21.6329 25.9808 27.0536 28.6944 22.3045 28.9285 23.6589 26.9835 18.9701 21.5888 26.6631 28.6976 17.5878 20.2201 23.2795 18.3831 27.4142 18.1144 24.5893 20.0076 15.496 15.336 19.9484 18.6463 16.7662 14.8263 20.256 24.709 21.0817 13.8329 18.9906 11.8434 22.6398 13.6018 18.7915 19.1882 21.5652 16.1151 12.66 16.7483 14.1459 18.7891 19.4226 17.0956 14.2108 12.012 14.4049 8.10312 9.75679 14.501 11.3823 
24.4315 25.7824 35.2561 26.6998 27.0166 34.4813 32.315 33.2189 25.4095 32.4956 21.7881 28.3664 29.8212 30.9363 31.6188 27.262 28.9518 27.7035 25.6918 18.8191 23.2833 29.4444 25.9763 21.9797 20.319 19.1981 24.5807 26.1567 16.2218 25.0294 26.0366 22.3221 18.3629 17.7793 24.6425 24.3427 24.9368 21.8597 16.5224 22.2766 16.1608 22.8283 19.6984 19.927 17.6032 19.5691 21.3295 14.1293 13.402 21.4113 17.9483 19.9437 10.582 13.1161 19.7182 11.2592 8.16121 12.9588 16.0723 13.3423 
30.3437 27.5045 27.6812 30.4553 24.6478 28.7398 33.1153 23.427 21.7956 30.9214 21.1858 22.1884 25.0326 26.0609 28.6734 28.369 24.4704 28.7386 27.0018 28.0525 17.8439 27.3788 27.8012 25.5583 24.987 26.5504 23.6938 18.0178 15.1925 25.7381 23.3975 23.9378 21.5711 14.6873 13.0533 20.2222 12.6165 11.2593 18.6379 21.1704 11.6903 17.3371 17.1382 9.52765 10.5604 14.9921 15.7427 13.2759 11.2816 10.8024 10.6332 14.1697 7.2796 9.88034 12.2622 5.77023 9.29709 11.7296 5.1297 7.31988 
31.8512 34.2361 34.814 23.2164 34.4976 24.876 22.6843 32.6369 32.3291 29.0549 25.6756 31.4081 26.0268 21.89 24.5048 28.2669 22.4074 22.2347 19.1878 27.9187 23.177 19.6171 27.1141 26.2855 22.6422 18.7147 17.3133 16.6841 20.766 25.7528 18.9411 14.8252 15.8507 23.8351 22.315 20.2915 19.3308 14.292 18.8216 18.6474 20.8642 14.618 14.6194 14.0314 18.4041 17.8932 15.5054 15.8982 17.3663 20.8492 10.3944 17.8848 17.3155 17.1813 10.9447 12.7998 10.6177 15.1344 18.3529 9.51863 
30.2747 29.1253 29.6897 25.5482 27.0979 34.1485 25.2489 26.186 28.1955 29.1789 21.6152 29.5611 24.0293 24.0102 27.8176 19.7116 23.1028 21.0358 19.1497 21.0515 23.0602 25.2367 17.0055 22.8267 22.2329 17.0657 15.3115 26.8371 22.3735 23.9614 20.1694 20.2561 15.4312 23.1483 18.08 18.3264 13.4074 16.0202 19.0145 14.8513 17.8805 18.7887 13.7794 21.3651 12.3036 20.9104 16.0106 8.83626 18.0663 16.9555 16.1972 17.012 8.62362 7.00933 6.05088 16.6404 11.4795 11.1053 8.91041 6.26275 
29.4863 32.5188 29.1763 29.3063 25.4796 27.3296 27.2749 34.0207 22.1133 21.8338 32.3554 27.0557 27.8621 25.0213 28.5213 28.8926 20.7954 26.2592 30.2634 30.2359 28.547 21.6194 23.0259 27.4274 29.5951 22.7472 28.3543 21.0305 25.1914 23.0726 20.2534 27.6019 23.6058 22.5174 15.0143 16.278 21.2883 25.342 25.0332 24.7516 23.4501 16.0147 18.3906 17.318 20.1962 20.2778 19.9341 16.3151 20.876 15.6365 14.3109 21.5087 14.659 15.0321 15.3237 20.1225 20.1629 15.7328 10.1848 11.1807 
32.1515 25.8943 31.4468 24.3034 34.8277 30.5989 24.9039 25.9072 31.5251 22.8009 30.235 22.536 29.7998 31.1458 30.1842 22.3677 21.5713 24.4828 25.6565 29.5775 27.7878 26.0646 19.5227 28.2517 27.8534 19.9153 22.2536 21.1315 25.3958 25.7804 21.1055 21.2823 26.6284 15.132 17.0141 21.1337 14.4105 20.5722 22.7793 17.4731 19.161 14.846 18.4085 20.5789 20.7686 20.1037 21.9219 17.7809 11.2776 11.5917 18.7971 12.1597 12.6644 16.2435 16.6527 10.4079 18.4884 18.4867 16.4774 8.3664 
34.887 32.4731 31.9591 28.8336 29.6574 26.1797 25.3045 22.5465 22.4446 27.1338 27.9863 30.7601 26.5715 28.4632 27.513 27.8298 25.5591 28.9388 29.1516 23.2954 29.076 23.0652 20.9811 23.8309 26.1567 22.5912 25.1755 25.2925 28.6013 24.0847 22.3065 24.7274 18.4147 23.7242 22.7894 24.1259 16.2566 18.0085 24.135 15.7787 24.604 19.3478 19.8356 17.2888 14.4621 13.2031 15.1357 13.7276 22.1826 18.0942 22.9905 19.3968 19.8402 18.72 19.5318 20.4052 10.7802 17.7403 12.837 10.5311 
27.9193 27.0722 29.1562 29.6406 25.4011 27.7293 33.3794 31.5525 22.5289 22.002 28.3321 22.081 27.3716 23.1747 24.1321 19.5037 25.7138 30.2552 28.3204 29.6174 29.2198 23.3708 25.0809 19.3355 23.7811 17.9405 18.7848 22.2014 15.4729 18.5668 17.3943 15.2046 16.5523 20.4229 17.7686 18.5123 12.4932 19.4073 12.8058 21.4043 17.2232 22.4157 22.2946 17.5641 16.8903 18.9993 10.9829 17.7343 17.6279 14.0571 8.59875 10.0365 9.67112 10.6336 18.5627 12.7214 15.1715 6.37333 6.06895 9.15327 
32.6914 29.2313 25.8049 24.9521 25.9552 24.0833 24.7563 30.0422 26.7933 27.4313 26.7764 30.8843 30.3892 25.7621 29.9405 22.2592 31.2335 20.8991 30.7823 26.6039 28.1765 28.3758 24.6597 22.223 18.6972 23.9395 17.3301 18.3593 21.8653 20.5652 18.0316 17.2929 19.0701 19.1419 14.4425 18.7685 20.4631 15.2154 20.1455 23.5021 13.8183 21.543 14.4743 22.6142 15.7923 12.0868 21.8015 13.9704 18.3879 11.9257 17.7769 20.2378 14.5013 10.0835 17.8739 17.2832 15.6934 16.0223 11.6904 12.4405 
30.8314 31.9645 31.0937 29.7727 31.5375 23.6594 31.4132 27.3876 27.8315 28.4347 32.4413 25.239 22.7223 20.3257 24.5093 20.2113 19.6383 24.8458 22.2237 25.9531 27.8416 26.0366 19.9267 21.4899 25.5593 24.4278 23.8868 18.595 24.1054 20.6542 18.7137 25.6805 21.2829 18.3744 20.2776 16.88 23.4373 13.7654 12.4613 21.0189 20.7144 17.0994 16.3009 17.9834 10.6646 13.5196 16.6281 9.87368 14.9148 16.8165 18.8493 14.6247 15.5761 15.0189 9.10473 12.5525 8.81479 9.74044 6.20328 14.6646 
35.3258 27.6795 31.4366 24.8255 26.8885 31.2295 24.7069 24.8145 28.5994 29.3596 31.7395 25.9837 35.1201 25.9859 34.9615 32.3359 30.1722 28.6115 33.5874 35.2112 30.668 31.745 34.6949 35.5461 33.4754 27.7038 34.3589 35.7896 29.1378 33.135 35.8513 28.9296 8.17668 13.2678 9.46672 14.0368 16.2853 17.4075 9.72671 17.9264 18.9289 13.9402 8.9214 11.3065 13.3677 11.7743 8.34633 8.51195 16.2496 16.6484 10.254 10.5702 19.1878 15.4891 18.1441 11.8522 18.4401 15.2299 18.0872 15.4924 
28.2421 28.916 26.0876 26.2705 28.6475 24.5306 34.5803 33.2326 35.5898 26.0965 30.1329 24.0378 27.6803 32.4251 25.8581 32.987 24.0474 35.1881 25.925 31.8071 30.4517 31.6558 24.9445 35.2861 24.7242 27.7776 24.2982 35.7363 34.5396 28.9714 25.1773 31.3984 29.646 15.7261 5.96756 16.535 12.2092 11.2541 13.771 7.35345 16.9254 6.01053 13.0571 15.9868 15.8535 6.40161 9.94712 14.2289 8.82049 8.6031 10.8909 15.8505 17.5996 16.7513 5.69362 14.7085 8.35853 6.35314 6.59587 7.3898 
27.2873 35.6034 32.7002 28.5708 33.8999 25.4061 27.3439 29.169 27.3061 32.7211 27.1206 35.7668 29.1411 24.5898 29.0551 31.9386 26.359 28.5675 27.3366 27.1529 18.5555 14.7511 12.1938 11.9485 11.4476 13.4111 21.903 20.302 11.1248 21.9772 16.7715 12.3719 13.8165 13.4831 18.0586 13.0608 21.7205 21.3651 15.9409 15.0158 16.9459 20.5939 14.7735 18.8327 10.8751 15.7352 11.0642 10.3863 17.4031 20.4584 20.3556 20.0717 21.1212 16.105 10.4979 17.6448 17.5383 19.0453 13.9377 16.0668 
32.1552 25.8262 25.626 32.265 34.4845 27.1713 28.2968 29.3526 24.4697 27.5723 24.7653 31.9147 25.7682 30.0242 30.8229 32.5606 30.8512 31.9011 27.7034 29.1458 34.9729 26.836 30.141 32.6807 25.9764 30.7877 21.5786 16.0024 18.9295 21.2283 17.9126 20.9664 14.9198 22.2532 19.0125 19.455 19.2842 18.1539 14.976 12.5307 12.4837 14.3205 22.963 23.1962 20.9316 12.2487 18.8942 20.0286 22.7115 23.1455 18.4587 18.6012 17.8308 21.1188 14.4982 12.119 21.2253 19.8159 13.3154 14.4197 
33.5316 35.3441 34.8032 28.5443 32.4861 30.1888 35.2145 35.8373 34.7819 30.1454 29.4062 27.2914 29.0247 24.3026 34.985 25.5574 27.6931 28.7437 29.6526 25.6896 26.5 35.4907 33.6828 31.9984 27.7005 34.3277 33.9208 28.84 17.4846 14.1808 15.4778 11.6198 10.2802 13.2693 12.3913 17.8717 13.8249 16.2265 10.0528 19.7853 15.986 20.2806 19.9828 15.3081 15.6401 8.52301 15.3529 10.737 17.9231 19.8213 11.5562 15.1488 16.3382 17.4747 16.5111 16.5236 17.7608 14.263 18.0219 15.144 
28.5778 30.8534 33.1823 33.4085 33.3894 30.7579 30.802 35.7896 30.6797 31.062 24.9041 33.4941 33.9146 30.6452 27.363 31.5394 32.4648 30.0731 28.1679 30.7521 33.2583 34.4904 24.3489 32.7387 35.3353 29.1778 34.6376 27.4901 32.4416 27.4302 14.3078 14.9386 9.24233 16.4453 10.1758 19.9038 9.42484 16.3748 16.2199 10.622 15.914 9.29668 10.9312 13.9516 19.0214 10.1582 9.87505 12.558 12.7541 12.3846 16.1898 16.7009 9.58165 11.2639 12.1004 12.9913 15.1784 15.0433 11.3689 19.1143 
33.2069 31.6576 31.9569 30.0918 26.4795 35.0867 27.302 28.6909 24.0672 27.7879 27.4919 24.4473 25.5622 27.5132 31.9712 35.4147 29.9258 28.4316 30.9287 34.5583 28.9604 28.2296 33.8 28.1944 26.1908 27.1272 25.5974 26.0619 31.889 26.2547 33.4401 13.4183 10.7662 18.4694 18.0875 11.4907 11.5646 12.8138 15.2481 11.7665 9.8232 13.4704 12.8094 14.8714 17.9612 18.5112 12.8491 19.6779 18.0243 19.4535 17.2719 12.8869 18.5208 18.7705 12.8821 9.29587 19.339 10.2929 19.6522 10.7809 
27.8716 27.0351 28.2645 31.3723 34.9079 24.3547 30.2067 28.6332 31.3477 29.7808 31.127 30.1451 26.8996 28.2241 28.1624 26.427 25.9911 24.2912 32.0388 25.9925 31.4333 26.7832 30.8351 27.1702 18.0266 10.5709 17.142 11.8599 17.0972 13.3703 18.0387 13.4584 11.2103 11.0131 10.6385 13.8579 18.3769 15.2075 9.26989 8.22185 16.8713 13.3214 14.5134 16.5085 8.07055 16.0117 16.2155 9.74617 10.5052 10.3958 15.1428 9.02496 17.0803 11.6774 14.0122 11.6318 13.6148 15.0496 18.8822 18.4548 
29.8509 25.7777 28.8859 30.3456 25.2192 26.2419 25.7909 26.3381 24.029 24.1634 28.4092 30.86 28.9116 28.0824 28.002 25.5056 30.4142 25.7292 32.8533 28.8833 28.8396 34.3192 27.1845 34.8657 28.4742 29.1341 30.4943 34.6255 33.1504 24.5082 24.5538 26.565 29.993 33.8554 8.14042 14.0027 7.82791 7.85876 10.0092 6.12952 12.232 10.011 12.1005 14.8451 11.741 11.4403 5.80527 10.0716 5.59265 16.672 12.9455 6.65538 15.1547 10.5637 10.2817 9.57184 9.1488 9.65777 5.58567 9.82632 
25.6319 35.9824 25.3374 33.038 25.8299 31.8243 30.7579 31.0036 34.1176 34.2737 32.4012 27.1364 30.614 29.5828 32.9737 26.6495 25.8666 33.8936 27.2029 30.2086 33.2554 27.1188 33.2429 31.4641 29.765 30.0158 31.4127 27.8661 33.3468 7.21769 8.93921 7.27754 17.238 16.2329 11.7896 8.52352 10.5506 13.9565 10.7338 7.35319 14.7802 11.9203 18.6573 9.18488 7.8023 15.8925 13.5603 15.8863 13.9606 13.4119 13.5607 12.8505 11.9824 16.9031 9.2172 11.0882 14.764 12.3386 10.7492 9.34499 
24.8141 27.7141 29.1789 27.1889 29.5351 28.6137 33.3024 30.8486 29.4334 35.982 27.3531 32.5929 35.5876 33.9575 24.842 27.9248 31.6007 35.0504 32.099 28.718 27.6388 33.8444 32.2411 34.6053 27.4419 29.2553 28.1992 31.7461 33.5249 28.479 32.3737 31.3818 29.2773 20.8048 13.6481 19.0315 11.863 9.94244 9.24031 14.2793 9.65527 12.398 18.6312 19.3381 17.3023 10.6927 15.8124 16.6534 19.2243 9.61929 9.95896 10.3177 10.5766 19.4648 13.037 10.4316 9.57155 14.5301 9.3178 11.7536 
24.863 33.3355 28.3622 25.8464 32.2276 26.5889 27.1203 32.3693 32.7729 35.5145 32.7016 27.2492 24.0988 28.9398 31.1296 31.9485 33.2918 30.2203 29.5729 27.9076 28.9861 12.9491 11.3671 16.4028 9.65917 19.2234 21.3724 16.1197 17.8798 19.6644 19.6901 13.9949 10.3481 9.73188 20.8395 17.9249 19.5991 17.9638 12.0222 10.3022 19.7764 15.0232 10.8897 10.8728 16.3246 13.1382 9.38853 12.049 12.9278 16.3723 16.1568 15.6805 11.0021 17.6422 18.8437 21.2442 10.5229 15.78 18.655 13.967 
31.5897 32.146 35.1469 31.8717 31.4891 24.289 25.4035 33.5925 33.9531 26.1912 27.6538 27.811 34.0284 24.5872 27.6935 32.6341 32.865 24.094 29.5839 24.249 34.5036 28.2715 29.7499 34.1878 32.3454 27.5664 30.5817 31.806 9.88283 11.1993 12.8327 9.13407 16.9257 8.5803 15.2912 11.9606 7.85137 7.71733 11.2555 15.7631 9.63165 10.0286 8.1804 17.1945 17.3668 8.85645 11.8981 11.1042 15.4914 17.5996 15.9181 18.1196 16.8659 8.0941 19.3336 14.3875 10.3279 15.3144 15.0404 10.5321 
32.7497 31.8846 33.8753 31.0756 31.9044 28.2462 24.1403 35.2064 30.928 31.9213 26.2228 27.8242 26.1369 25.6011 26.7218 34.5432 26.5716 31.3594 34.4389 26.4975 35.9666 13.5685 15.1072 18.3347 15.9283 11.1845 13.6592 9.95838 14.2798 14.5101 13.736 12.1184 11.2767 17.2462 11.8672 12.0798 12.2755 11.6259 12.4632 11.1665 11.7578 12.8242 16.2569 18.8183 12.6674 20.4976 16.8577 10.2878 10.4266 14.0977 16.3168 19.8285 15.7032 12.414 16.4615 17.7787 15.535 17.2301 20.9724 20.155 
31.2889 33.294 29.7194 33.7747 33.641 27.8815 27.9818 35.7793 28.1569 33.9311 31.3848 25.9933 29.4774 25.9264 31.1696 27.9017 29.6673 26.6219 28.4114 28.8153 29.0103 34.2098 25.3881 25.3121 33.5473 25.1909 30.5137 27.9983 30.2673 24.2919 13.3001 14.704 11.7883 16.9697 17.1706 8.34191 8.66543 16.0932 16.4347 14.6526 7.43488 9.00842 15.2354 9.29962 14.5538 13.5531 10.8772 10.3613 11.9877 17.3494 17.3274 15.3573 15.2677 15.7146 13.151 8.52479 17.0693 7.94935 14.318 14.6515 
24.7289 35.5575 32.6528 27.1184 25.427 33.8609 26.7005 35.4462 24.6357 24.9768 35.5406 24.5949 27.2224 31.9349 27.5999 30.8861 33.2319 34.4177 34.1287 31.6224 35.978 30.1399 26.7376 31.2012 29.9354 30.7234 27.5356 27.0152 30.314 34.5656 35.6005 33.0009 9.33617 6.57064 14.7383 13.2247 7.33519 7.02857 11.1271 15.1915 14.6194 9.94943 11.8296 10.0945 10.7926 6.60883 6.07967 14.7049 10.1775 6.80566 16.7551 14.1442 10.4602 7.92311 14.204 11.3327 14.3072 9.7941 5.51305 7.36751 
29.5777 24.665 32.2536 25.4307 32.6352 25.3323 26.6073 35.8399 25.2504 35.3937 34.8881 33.4438 32.9062 24.2123 29.621 31.6455 35.9368 31.2599 29.1789 28.2381 32.651 32.4035 31.1358 32.3609 32.1589 29.1088 34.9556 28.0262 32.9341 4.45398 12.9926 14.4706 5.53103 14.0861 12.2078 9.41328 4.69965 10.841 7.8783 14.0424 11.1212 5.12635 13.6301 15.3806 10.1029 15.3872 8.91753 12.8163 15.7522 4.59352 10.732 15.0508 9.44522 12.1953 16.1731 15.3516 15.569 6.61212 13.2889 14.6796 
29.5329 27.7688 35.3357 35.4183 28.4147 35.328 33.6314 33.291 33.8852 29.3816 32.9778 27.9524 31.4924 32.2103 35.78 27.0714 31.7939 25.7538 25.2915 34.9464 33.3718 33.9917 32.8507 26.781 29.303 26.8173 30.6599 25.1744 31.8897 33.8628 9.51695 17.0233 8.78178 16.9447 17.4827 8.7502 14.8626 18.6556 13.1484 17.8763 15.5886 15.0998 19.7921 10.4137 11.4037 14.7061 12.9336 15.2753 19.076 11.6163 15.1806 15.7105 13.8454 10.3417 11.7379 17.779 14.2945 19.3228 19.3573 19.4837 
25.2816 34.8095 27.1148 34.1062 35.9982 31.9404 27.15 26.4593 24.8993 24.4884 34.8054 25.2441 30.3408 30.249 25.2783 25.1332 24.7392 28.0269 31.0433 28.0515 35.1818 24.4891 27.0288 34.1775 27.5319 24.307 33.728 28.9233 31.2203 24.2938 27.9924 29.4484 25.2805 6.39126 7.8818 12.1342 7.20502 10.8188 14.6206 9.90334 14.5847 15.2203 16.4839 11.9668 7.36219 10.3029 7.51238 11.3663 14.736 9.84018 9.28274 13.3923 9.32754 16.1846 7.41176 4.9591 12.5837 12.4063 12.7394 7.20648 
24.9092 29.6467 27.2106 26.2562 26.8518 34.8227 26.919 29.2028 24.8872 28.9512 29.1833 27.8727 25.9573 30.2009 24.9566 27.3424 26.8709 30.0786 27.7398 29.0687 35.7679 18.8752 15.1652 13.4782 21.9426 13.2659 10.6447 21.9154 14.9397 18.6644 19.585 20.8644 10.2786 16.0674 16.6965 14.213 13.6923 14.2952 11.764 14.2809 13.6107 14.011 14.6959 21.8317 18.5576 11.3421 14.1315 13.5388 12.0343 20.4197 19.6229 15.4858 10.2716 15.9408 18.8583 10.3961 17.161 15.7325 20.2651 21.9011 
34.3765 29.176 30.2714 32.5658 32.5052 31.7671 32.2467 31.4457 27.5815 28.9211 28.5128 34.179 24.2266 25.9819 35.6603 31.4905 31.0447 24.7091 31.875 24.1307 29.2935 28.5282 26.908 13.8315 16.853 17.7086 21.0294 12.8114 16.1277 16.2236 21.3547 21.4256 18.0354 22.4094 18.515 20.9835 15.9026 21.9111 20.3258 15.5659 17.1879 23.4956 21.3635 12.9645 17.9356 22.8934 16.6745 15.1421 20.8638 16.2085 23.2176 21.5956 14.7503 21.1539 17.659 18.9212 19.2711 22.2588 18.0285 20.1359 
24.495 29.9622 30.0562 27.3795 27.6645 28.6523 30.1895 24.1036 28.7511 31.5199 27.3865 26.7938 26.8625 27.5003 29.8884 31.4369 26.0531 34.4004 32.7409 33.8411 29.8796 26.4912 31.9621 19.2107 15.9762 20.2646 23.4289 20.6458 18.9415 17.9713 21.5238 19.6517 20.9267 18.2276 16.5245 16.1536 24.0407 15.0655 19.2434 17.0397 15.9946 14.2183 15.6376 12.8567 17.4418 18.9485 22.8568 21.7526 23.8656 19.3818 14.4552 20.5316 21.3788 12.7891 17.473 21.92 21.1621 16.0923 16.2645 21.6531 
25.4435 25.846 25.8053 30.8365 29.9398 29.6104 35.2553 35.6027 27.338 30.1752 31.9004 24.5394 33.7838 24.5372 26.8232 24.3562 35.9453 26.7754 25.4553 26.1695 32.2309 24.1153 18.22 15.9766 21.9887 23.7731 20.2702 15.7724 24.4307 24.1425 16.6854 20.2566 22.7628 14.8739 24.0628 20.5118 23.39 19.7436 16.5811 23.6677 17.3842 22.1323 23.8913 19.4366 22.2205 15.8033 16.3897 18.9617 14.861 20.6381 15.9425 18.9562 16.7819 15.5756 21.8125 14.8426 19.961 23.7731 21.4107 24.1601 
29.2465 34.0574 35.0592 32.2782 26.7112 34.609 26.485 30.6537 29.3269 33.7467 31.5478 34.0042 30.1417 27.8668 32.1589 32.8915 25.9852 30.6951 28.6512 28.1298 27.0156 28.0938 32.4688 24.1495 30.0088 29.6265 33.3046 26.7993 26.4468 27.7365 26.8059 27.9208 26.2411 30.3705 26.5096 9.82493 20.417 10.6593 10.4154 20.1614 15.9773 19.6859 10.6218 14.796 19.5482 18.5611 9.03834 11.126 17.3897 11.3555 14.6608 8.80112 8.86832 11.0437 9.48525 17.1142 10.014 12.293 19.622 17.646 
26.1783 29.9534 26.2624 28.3413 25.4142 29.1007 24.8358 24.6676 35.7833 25.3576 34.1867 26.3421 25.7399 34.6574 32.0417 29.6122 31.7439 34.4691 24.0048 29.1668 29.2164 33.5495 28.3207 35.2593 27.074 24.4979 27.1996 34.7313 29.7327 33.0619 24.9559 28.6762 33.919 10.652 18.0732 16.5279 12.8006 14.0455 18.8469 12.5777 8.0323 10.359 10.6741 13.5946 18.2616 15.2485 11.9759 14.8244 8.49757 10.7093 18.5326 17.1111 17.67 14.2699 14.0066 14.878 15.7013 9.91834 10.1982 15.2467 
32.9043 32.7519 26.1078 25.2695 29.8061 28.5517 30.2365 28.7346 24.6213 26.6168 33.9135 31.4421 25.4131 27.6046 26.8056 35.3258 35.3632 25.1024 24.7741 33.0204 34.1297 32.9715 25.4402 28.3549 26.1637 32.1548 24.8773 29.8939 25.4986 35.8586 28.1261 10.6824 16.808 16.5986 12.0962 19.2276 16.0853 15.4985 15.3527 15.0651 19.3917 10.2094 13.8783 9.6806 9.80765 16.9211 8.65055 13.9429 15.6049 14.8701 8.19372 13.1692 18.0877 13.7332 8.39496 11.1216 13.6341 19.4215 12.3984 13.9594 
27.4537 27.905 29.5909 31.2956 24.4315 24.7458 34.8767 30.2938 24.1645 31.8133 29.5836 26.6682 32.9433 25.1446 34.703 31.9297 27.4269 35.1649 35.6265 34.3732 34.8414 33.9516 33.0722 34.3189 28.7551 26.7993 34.6182 28.8972 9.09692 11.3142 9.56218 9.70026 13.9416 13.3313 14.8909 17.132 13.4499 10.1516 12.5675 16.8456 20.2171 19.7158 16.2272 12.2399 17.4732 9.77994 15.2993 14.0015 18.1944 16.8831 16.6921 18.8246 10.1189 18.0075 10.1721 12.5025 20.1701 9.54309 9.72266 9.80308 
26.7376 34.9821 33.457 29.3173 35.559 30.0481 28.9086 25.4538 25.5262 34.606 26.1688 29.4738 24.4913 33.4243 28.3993 33.1423 35.3559 29.0636 24.2108 27.601 27.2627 12.4383 16.5042 19.8161 19.3042 11.2228 14.3699 19.5169 16.17 8.86786 19.9748 8.98611 11.1659 18.4354 16.3713 14.465 17.423 19.7875 12.2276 14.7724 17.8291 11.4098 20.2241 13.6366 14.2737 14.5969 9.90416 20.2003 15.4345 9.31514 17.3532 16.2952 16.1249 15.7117 10.4814 19.1599 15.2119 11.7854 17.1751 17.3624 
34.0736 24.1785 28.9501 31.1336 35.5046 30.9853 33.0707 24.3272 30.3511 29.5538 31.9404 31.7957 32.3058 33.3626 32.0384 31.734 35.671 26.1581 31.7432 29.7418 27.4618 13.5398 9.0325 15.5661 18.9698 11.8454 18.2402 19.0267 13.6 18.9559 17.8179 11.9255 17.2571 8.68107 10.7603 13.4652 14.1233 17.4099 11.3386 13.6213 14.1141 9.69203 16.6736 17.8201 16.6086 18.6279 8.22058 13.896 14.8188 19.9595 18.1487 9.10925 18.603 15.5389 12.8009 14.2602 19.3984 13.6921 13.2669 14.3825 
34.179 27.0398 29.3324 31.8299 25.8882 28.2443 33.851 26.0531 31.6576 34.3626 27.1225 30.3713 33.3303 24.2152 28.884 26.7317 27.7743 28.6641 32.5742 35.4595 14.8257 16.1066 11.6691 17.7811 17.9148 13.6146 10.0265 16.432 9.32295 15.2855 10.7015 16.7353 15.4596 17.8777 18.0642 15.6215 9.39089 12.0668 11.5861 9.60608 10.2741 16.5601 13.4619 16.035 9.08389 19.6345 12.8002 19.2449 11.314 14.9928 15.9961 19.4938 12.0114 11.9761 17.5942 19.5911 13.3297 14.4956 16.8671 18.7888 
34.2888 32.7982 32.1346 28.6556 27.8811 32.3877 28.4602 29.2266 24.741 24.1157 27.8782 29.7268 30.6665 33.1585 25.7013 30.2416 33.1856 31.2937 32.7586 33.2848 34.0706 27.3854 34.0736 30.8861 29.4121 26.3733 29.1686 35.6023 26.3855 34.6347 29.5197 35.5032 35.4084 30.8641 7.32031 16.1806 10.7828 12.4482 6.25941 12.3222 13.7063 10.6657 11.4412 7.07317 5.2602 4.2577 5.68838 14.6764 12.4753 9.69585 13.9075 8.19539 14.9203 12.9557 9.31468 15.8391 6.18927 9.16926 12.5833 11.525 
26.529 28.9472 27.3931 35.8638 26.5434 25.9661 24.0228 25.9705 34.378 24.7767 30.1417 32.138 26.2775 30.6827 29.1859 27.7978 27.9436 26.3025 32.5059 35.101 26.9389 25.2864 28.0192 33.7754 31.0168 10.786 12.4528 18.9093 19.1935 19.9155 17.9321 14.6315 12.2079 14.2401 12.1256 11.6416 12.2064 11.0978 12.8722 17.6027 11.201 19.5343 19.741 19.8784 10.6777 18.0111 10.2051 16.558 14.2588 20.0388 21.0153 20.5236 17.0056 17.5249 18.8267 9.86283 11.2895 18.8145 16.2135 20.5375 
27.5947 33.8099 33.0553 29.3985 29.1936 35.8311 26.2125 29.3493 27.4515 33.0241 27.6399 31.0304 25.5056 26.7714 30.8927 30.5853 26.2834 28.2039 33.0887 35.3724 29.6177 11.7066 21.4985 17.4826 18.8039 13.4076 20.4204 13.1799 16.6494 9.61603 12.289 18.2743 15.9509 13.669 13.5537 12.5905 19.8005 14.1101 10.9718 16.2366 20.713 13.2603 15.8727 18.5696 10.6685 16.642 13.1516 18.3988 18.4407 12.7455 11.4433 13.3503 10.6384 12.7029 9.83893 10.9751 16.3196 20.8867 15.3906 19.8545 
26.4567 26.511 35.3419 32.0608 32.2632 31.0069 35.1903 32.0153 35.7125 29.3592 30.3217 27.1948 26.4049 25.7663 34.9854 32.698 32.1901 24.0911 34.0754 26.1857 12.0221 15.1641 17.9983 14.5431 10.63 8.4634 16.3208 19.5046 11.6795 18.6438 15.1031 16.0615 17.2822 9.83239 12.0236 10.0773 19.1623 9.00211 9.98038 12.1595 17.8411 7.80204 12.2674 11.5165 18.3434 19.0603 11.0071 18.1793 13.3313 14.5743 18.8495 11.5231 18.7154 18.3214 19.4741 12.0544 16.2246 9.51438 19.2659 18.1352 
32.3256 31.8243 27.8797 25.9253 25.1788 28.721 27.6487 28.002 24.3162 34.7852 24.5262 35.989 29.4312 25.8662 27.7974 25.0212 27.934 30.5505 33.4019 32.9271 27.9436 26.6723 35.0801 26.0113 29.259 22.1652 17.0866 17.8027 10.6772 18.1185 21.9181 21.3104 18.0876 15.0592 19.3858 10.8542 10.4763 13.0942 19.515 15.567 17.6301 10.5057 11.2019 15.2512 13.9906 11.5192 12.6106 13.3057 14.2311 11.8163 19.8749 17.6451 11.6764 10.2989 21.4422 17.2217 14.1404 17.398 10.7484 11.687 
33.9193 27.1004 34.7235 24.78 26.3807 32.5125 28.1004 33.5069 28.6666 27.3266 30.1113 33.5415 29.8447 33.6994 24.2585 26.7439 28.8488 35.2567 28.1301 24.8692 31.5027 29.646 33.5128 18.0535 17.8258 17.4362 20.761 13.5246 17.4479 21.5674 19.7948 17.1343 19.8327 12.962 19.6263 18.157 18.9025 10.3029 16.9959 18.4111 15.036 13.0009 18.0491 16.4091 15.9915 17.9749 13.5635 17.0069 21.4976 13.2381 11.7259 12.7791 20.4628 17.8515 16.0404 21.7301 11.7116 15.205 10.3966 19.269 
33.5073 31.6525 27.3711 27.3017 31.156 35.7246 30.798 34.2307 31.0572 33.7688 32.4468 26.7314 34.6332 27.1871 29.1547 29.223 26.1163 29.187 29.4337 34.1999 28.0783 26.0432 26.8063 29.5865 32.8952 33.7956 35.7672 30.7282 28.6174 28.1562 26.8114 30.1417 15.9122 9.7892 9.14326 9.88358 11.5096 12.381 18.8584 19.4768 14.0321 9.82629 15.5516 14.0159 16.889 16.2853 15.6893 13.9289 20.0482 10.546 20.494 16.2842 12.0513 9.52664 13.529 9.55161 11.4674 11.6033 11.8934 20.0655 
27.3894 33.9344 27.811 30.647 35.8553 35.6214 31.1075 27.6704 24.3536 34.2418 25.3227 30.4509 24.3154 31.4648 24.3933 30.5809 26.9414 29.4187 28.5719 25.452 27.5565 25.4707 29.545 34.4882 26.5581 28.9406 34.0016 35.9592 27.9417 24.9078 29.3155 29.3228 34.2807 32.8988 25.5871 24.9203 31.0091 29.1906 25.5078 14.2669 11.7493 5.57373 12.8957 7.23834 9.14458 13.2251 11.6027 14.9731 8.52361 13.3547 10.89 10.5841 15.6293 14.9441 7.46308 11.2249 11.3468 8.38553 8.38737 6.82008 
24.4135 33.0384 34.179 29.7543 28.5208 26.0061 26.9256 29.606 30.5064 27.4845 24.1799 32.9826 34.3225 24.235 27.6861 34.2586 27.9432 24.7275 28.6795 27.8411 33.5591 24.3702 29.4694 35.1745 28.0655 20.0581 13.8429 21.0595 15.6177 19.5039 14.8168 20.7911 18.7335 20.5498 12.7691 11.0887 12.7658 18.4809 9.25485 19.0449 19.7114 16.5269 9.53614 14.0963 13.1477 9.09695 14.2237 12.8183 14.4686 13.4481 10.0003 18.0119 12.4107 17.8074 18.4651 12.0534 20.6034 20.798 15.4598 13.9105 
31.0216 28.1397 26.7303 26.5702 29.5608 26.9657 28.0493 25.6731 33.7207 26.2746 30.4102 31.1009 24.0187 35.6589 25.2526 25.9319 28.6178 32.4225 33.6656 33.7453 35.1183 29.1635 25.477 31.947 35.4907 30.73 25.8203 24.6514 25.5284 31.3429 29.0048 31.8251 26.8908 28.194 31.4289 16.9348 8.06973 16.6039 14.7428 10.3421 8.15492 10.3953 17.6887 16.7905 14.1377 15.7608 6.7874 13.0624 16.6601 15.0205 9.89077 9.21618 11.5499 8.87687 18.2204 9.47691 10.3424 16.4302 11.8976 15.366 
34.3354 30.9375 31.9529 31.1457 24.5189 24.3933 27.6961 29.8744 26.7666 33.0887 31.3705 26.2327 26.3833 35.6614 32.6631 27.685 29.2769 31.7612 34.6501 24.9401 33.4339 26.8485 28.7144 26.5812 34.8249 34.0258 8.8228 12.6338 12.6937 6.27907 13.6444 16.6505 18.0782 7.97526 9.27375 9.20801 12.8791 12.7293 6.97605 17.8322 13.3297 6.32571 12.1314 11.8421 16.7155 10.4253 9.44524 14.3998 15.6964 11.0276 10.6075 15.1897 9.07618 17.9085 9.84551 15.013 13.9132 11.7426 11.6989 10.1521 
